Entity,Code,Year,Share of services in GDP at current prices (Herrendorf et al. data),Share of industry in GDP at current prices (Herrendorf et al. data),Share of agriculture in GDP at current prices (Herrendorf et al. data)
Belgium,BEL,1835,44.87,34.55,20.58
Belgium,BEL,1836,44.02,36.64,19.34
Belgium,BEL,1837,45.01,36.25,18.74
Belgium,BEL,1838,45.54,34.82,19.64
Belgium,BEL,1839,44.06,35.16,20.78
Belgium,BEL,1840,42.71,35.69,21.61
Belgium,BEL,1841,42.5,36.03,21.47
Belgium,BEL,1842,40.22,37.37,22.41
Belgium,BEL,1843,39.51,37.41,23.08
Belgium,BEL,1844,41.26,36.57,22.18
Belgium,BEL,1845,42.01,36.1,21.89
Belgium,BEL,1846,40.06,35.72,24.22
Belgium,BEL,1847,37.22,31.5,31.28
Belgium,BEL,1848,39.87,37.86,22.27
Belgium,BEL,1849,40.65,36.58,22.77
Belgium,BEL,1850,41.08,38.81,20.11
Belgium,BEL,1851,41.37,38.2,20.43
Belgium,BEL,1852,40.55,38.38,21.07
Belgium,BEL,1853,37.99,40.59,21.42
Belgium,BEL,1854,35.04,39.72,25.24
Belgium,BEL,1855,34.97,42.97,22.06
Belgium,BEL,1856,34.25,43.3,22.44
Belgium,BEL,1857,35.94,43.62,20.44
Belgium,BEL,1858,37.65,44.09,18.26
Belgium,BEL,1859,38.39,45.6,16.01
Belgium,BEL,1860,36.63,44.97,18.41
Belgium,BEL,1861,36.82,44.65,18.53
Belgium,BEL,1862,36.21,44.64,19.15
Belgium,BEL,1863,37.12,44.24,18.64
Belgium,BEL,1864,37.15,46.45,16.41
Belgium,BEL,1865,38.31,46.56,15.13
Belgium,BEL,1866,36.99,47.75,15.27
Belgium,BEL,1867,37.01,45.87,17.12
Belgium,BEL,1868,36.51,44.19,19.3
Belgium,BEL,1869,36.95,48.53,14.51
Belgium,BEL,1870,36.59,48.68,14.73
Belgium,BEL,1871,37.19,48.69,14.12
Belgium,BEL,1872,34.67,52.22,13.12
Belgium,BEL,1873,34.2,54.62,11.18
Belgium,BEL,1874,35.21,50.62,14.17
Belgium,BEL,1875,39.71,48.19,12.1
Belgium,BEL,1876,40.29,45.4,14.3
Belgium,BEL,1877,40.09,45.36,14.55
Belgium,BEL,1878,41.03,46.25,12.72
Belgium,BEL,1879,42.14,44.86,13.01
Belgium,BEL,1880,40.73,46.69,12.58
Belgium,BEL,1881,40.4,46.75,12.85
Belgium,BEL,1882,41.01,46.34,12.65
Belgium,BEL,1883,42.17,45.44,12.39
Belgium,BEL,1884,43.92,44.19,11.89
Belgium,BEL,1885,45.66,42.46,11.87
Belgium,BEL,1886,46.63,41.09,12.27
Belgium,BEL,1887,45.61,42.97,11.42
Belgium,BEL,1888,46.17,42.72,11.11
Belgium,BEL,1889,45.15,43.45,11.4
Belgium,BEL,1890,45.09,43.95,10.96
Belgium,BEL,1891,45.91,42.41,11.68
Belgium,BEL,1892,46.21,42.07,11.72
Belgium,BEL,1893,46.74,41.42,11.84
Belgium,BEL,1894,47.62,41.05,11.33
Belgium,BEL,1895,47.67,41.44,10.89
Belgium,BEL,1896,47.87,42.06,10.07
Belgium,BEL,1897,46.92,42,11.08
Belgium,BEL,1898,47.25,42.03,10.72
Belgium,BEL,1899,46.71,43.73,9.56
Belgium,BEL,1900,45.93,44.03,10.04
Belgium,BEL,1901,47.37,42.03,10.6
Belgium,BEL,1902,47.65,41.54,10.81
Belgium,BEL,1903,48.01,41.61,10.38
Belgium,BEL,1904,47.74,41.73,10.54
Belgium,BEL,1905,48.28,41.11,10.61
Belgium,BEL,1906,47.95,41.86,10.19
Belgium,BEL,1907,47.39,42.52,10.09
Belgium,BEL,1908,48.36,41,10.64
Belgium,BEL,1909,49.87,39.68,10.44
Belgium,BEL,1910,49.92,39.41,10.67
Belgium,BEL,1911,50.23,39.47,10.3
Belgium,BEL,1912,50.3,40.27,9.43
Belgium,BEL,1913,50.46,40.45,9.1
Belgium,BEL,1920,49.37,32.29,18.34
Belgium,BEL,1921,49.34,34.93,15.73
Belgium,BEL,1922,51.72,36.52,11.76
Belgium,BEL,1923,49.14,36.32,14.54
Belgium,BEL,1924,48.29,38.33,13.38
Belgium,BEL,1925,48.8,38.6,12.6
Belgium,BEL,1926,47.18,40.06,12.77
Belgium,BEL,1927,46.23,42.86,10.91
Belgium,BEL,1928,46.2,42.98,10.83
Belgium,BEL,1929,46.53,43.36,10.11
Belgium,BEL,1930,49.22,41.99,8.79
Belgium,BEL,1931,51.62,40.42,7.95
Belgium,BEL,1932,54.68,36.93,8.4
Belgium,BEL,1933,54.59,36.68,8.73
Belgium,BEL,1934,55.69,36.7,7.61
Belgium,BEL,1935,57.56,38.58,3.86
Belgium,BEL,1936,56.3,40.61,3.09
Belgium,BEL,1937,52.14,40.45,7.41
Belgium,BEL,1938,53.23,38.78,7.99
Belgium,BEL,1939,53.87,37.97,8.16
Belgium,BEL,1946,50.92,38.67,10.41
Belgium,BEL,1947,50.32,41.47,8.21
Belgium,BEL,1948,50.75,41.69,7.57
Belgium,BEL,1949,48.79,42.76,8.45
Belgium,BEL,1950,49.68,42.9,7.42
Belgium,BEL,1951,49.62,43.09,7.28
Belgium,BEL,1952,51.23,41.87,6.9
Belgium,BEL,1953,50.38,41.88,7.74
Belgium,BEL,1954,49.6,42.82,7.59
Belgium,BEL,1955,50.02,42.55,7.43
Belgium,BEL,1956,49.96,43.22,6.82
Belgium,BEL,1957,49.26,43.6,7.14
Belgium,BEL,1958,51.19,41.97,6.84
Belgium,BEL,1959,52.26,40.87,6.86
Belgium,BEL,1960,51.68,41.72,6.6
Belgium,BEL,1961,51.5,41.68,6.82
Belgium,BEL,1962,51.83,42.06,6.11
Belgium,BEL,1963,52,41.98,6.02
Belgium,BEL,1964,50.96,43.36,5.68
Belgium,BEL,1965,52.27,42.22,5.51
Belgium,BEL,1966,53.18,41.95,4.87
Belgium,BEL,1967,53.97,41.34,4.69
Belgium,BEL,1968,54.4,40.84,4.75
Belgium,BEL,1969,53.99,41.28,4.73
Belgium,BEL,1970,53.06,43.27,3.67
Belgium,BEL,1971,55.23,41.23,3.54
Belgium,BEL,1972,55.12,40.8,4.09
Belgium,BEL,1973,55.06,41.04,3.9
Belgium,BEL,1974,55.45,41.73,2.82
Belgium,BEL,1975,57.82,39.18,3
Belgium,BEL,1976,58.33,38.75,2.92
Belgium,BEL,1977,59.28,38.3,2.42
Belgium,BEL,1978,59.97,37.53,2.5
Belgium,BEL,1979,60.25,37.36,2.39
Belgium,BEL,1980,61.35,36.37,2.28
Belgium,BEL,1981,64.01,33.55,2.44
Belgium,BEL,1982,63.97,33.56,2.48
Belgium,BEL,1983,64.23,33.15,2.63
Belgium,BEL,1984,64.73,32.74,2.53
Belgium,BEL,1985,64.88,32.78,2.34
Belgium,BEL,1986,65.65,32.1,2.26
Belgium,BEL,1987,66.84,31.11,2.06
Belgium,BEL,1988,66.42,31.54,2.03
Belgium,BEL,1989,65.55,32.13,2.32
Belgium,BEL,1990,65.99,32.07,1.94
Belgium,BEL,1991,69.41,28.47,2.12
Belgium,BEL,1992,71.34,26.64,2.02
Belgium,BEL,1993,72.08,26.05,1.88
Belgium,BEL,1994,73.2,25.01,1.79
Belgium,BEL,1995,73.34,24.94,1.72
Belgium,BEL,1996,72.99,25.49,1.52
Belgium,BEL,1997,73.41,25.04,1.55
Belgium,BEL,1998,73.12,25.31,1.56
Belgium,BEL,1999,73.63,24.91,1.46
Belgium,BEL,2000,74.35,24.36,1.29
Belgium,BEL,2001,74.23,24.39,1.38
Belgium,BEL,2002,75.12,23.56,1.32
Belgium,BEL,2003,75.74,23.08,1.18
Belgium,BEL,2004,76.5,22.38,1.12
Belgium,BEL,2005,76.49,22.39,1.11
Belgium,BEL,2006,77.12,22.04,0.83
Belgium,BEL,2007,77.07,22.14,0.79
Belgium,BEL,2008,77.42,21.79,0.79
Finland,FIN,1860,22.46,15.87,61.66
Finland,FIN,1861,15.77,16.8,67.43
Finland,FIN,1862,26.87,15.84,57.29
Finland,FIN,1863,19.78,16.09,64.14
Finland,FIN,1864,24.67,15.98,59.35
Finland,FIN,1865,20.99,17.33,61.69
Finland,FIN,1866,28.3,15.69,56.01
Finland,FIN,1867,36.86,14.73,48.41
Finland,FIN,1868,14.76,18.31,66.93
Finland,FIN,1869,19.96,18.26,61.79
Finland,FIN,1870,21.71,18.16,60.12
Finland,FIN,1871,20.79,18.56,60.66
Finland,FIN,1872,18.08,20.03,61.88
Finland,FIN,1873,15.38,21.44,63.18
Finland,FIN,1874,15.81,21.27,62.92
Finland,FIN,1875,22.89,18.69,58.42
Finland,FIN,1876,18.54,18.87,62.59
Finland,FIN,1877,26.8,18.16,55.04
Finland,FIN,1878,37.51,15.1,47.38
Finland,FIN,1879,31.01,16.01,52.98
Finland,FIN,1880,18.58,19.49,61.93
Finland,FIN,1881,25.84,19.68,54.48
Finland,FIN,1882,20.94,20.78,58.28
Finland,FIN,1883,24.13,19.02,56.85
Finland,FIN,1884,27.8,18.28,53.92
Finland,FIN,1885,27.92,18.68,53.4
Finland,FIN,1886,28.66,18.6,52.74
Finland,FIN,1887,27.97,18.27,53.76
Finland,FIN,1888,25.33,19.76,54.91
Finland,FIN,1889,19.02,23.11,57.87
Finland,FIN,1890,22.94,22.48,54.59
Finland,FIN,1891,21.86,20.9,57.24
Finland,FIN,1892,29.29,19.28,51.43
Finland,FIN,1893,27.07,18.65,54.28
Finland,FIN,1894,25.44,19.91,54.64
Finland,FIN,1895,24.71,20.57,54.72
Finland,FIN,1896,21.53,22.62,55.85
Finland,FIN,1897,19.7,24.01,56.28
Finland,FIN,1898,20.62,24.48,54.9
Finland,FIN,1899,26.27,23.47,50.26
Finland,FIN,1900,23.18,24.76,52.07
Finland,FIN,1901,30.84,21.74,47.43
Finland,FIN,1902,32.77,21.74,45.49
Finland,FIN,1903,23.41,24.02,52.57
Finland,FIN,1904,29.22,22.7,48.08
Finland,FIN,1905,26.78,24.12,49.1
Finland,FIN,1906,26.35,25.52,48.13
Finland,FIN,1907,26.85,25.87,47.28
Finland,FIN,1908,30.97,23.65,45.38
Finland,FIN,1909,30.53,24.02,45.45
Finland,FIN,1910,30.77,24.68,44.55
Finland,FIN,1911,28.65,25.3,46.04
Finland,FIN,1912,27.62,25.51,46.87
Finland,FIN,1913,29.9,25.02,45.08
Finland,FIN,1914,34.12,23.8,42.08
Finland,FIN,1915,29.2,29.1,41.7
Finland,FIN,1916,6.54,42.08,51.39
Finland,FIN,1921,17.63,27.32,55.05
Finland,FIN,1922,25.96,28.32,45.72
Finland,FIN,1923,30.1,29.76,40.13
Finland,FIN,1924,30.59,29.24,40.18
Finland,FIN,1925,30.45,29.05,40.5
Finland,FIN,1926,32.71,29.67,37.62
Finland,FIN,1927,27.49,32.19,40.32
Finland,FIN,1928,30.74,33.15,36.11
Finland,FIN,1929,40.1,29.29,30.61
Finland,FIN,1930,47.49,26.02,26.49
Finland,FIN,1931,51,24.45,24.55
Finland,FIN,1932,42.25,27.65,30.11
Finland,FIN,1933,38.87,29.41,31.73
Finland,FIN,1934,32.28,32.54,35.17
Finland,FIN,1935,36.6,30.42,32.98
Finland,FIN,1936,32.69,32.8,34.5
Finland,FIN,1937,23.98,36.89,39.13
Finland,FIN,1938,31.59,32.26,36.15
Finland,FIN,1939,41.47,29.2,29.33
Finland,FIN,1940,37.44,33.1,29.46
Finland,FIN,1941,34.5,32.68,32.82
Finland,FIN,1942,33.17,32.91,33.92
Finland,FIN,1943,23.29,34.53,42.17
Finland,FIN,1944,34.32,27.18,38.51
Finland,FIN,1947,3.39,44.89,51.71
Finland,FIN,1948,5.6,51.42,42.98
Finland,FIN,1949,28.43,42.21,29.36
Finland,FIN,1950,17.11,50.5,32.39
Finland,FIN,1951,1.55,59.49,38.96
Finland,FIN,1952,33.36,36.41,30.23
Finland,FIN,1953,38,37.76,24.24
Finland,FIN,1954,29.18,44.48,26.33
Finland,FIN,1955,29.33,44.08,26.58
Finland,FIN,1956,34.12,42.33,23.55
Finland,FIN,1957,37.07,41.44,21.49
Finland,FIN,1958,36.43,41.52,22.05
Finland,FIN,1959,36.82,42.28,20.9
Finland,FIN,1960,34.31,44.46,21.23
Finland,FIN,1961,43.01,38.03,18.96
Finland,FIN,1962,45.48,37.7,16.82
Finland,FIN,1963,46.57,37.21,16.23
Finland,FIN,1964,47.02,36.64,16.34
Finland,FIN,1965,47.53,36.49,15.98
Finland,FIN,1966,49.04,36.68,14.27
Finland,FIN,1967,50.04,36.55,13.41
Finland,FIN,1968,49.7,36.63,13.67
Finland,FIN,1969,48.33,38.46,13.2
Finland,FIN,1970,50.33,39.78,9.89
Finland,FIN,1971,48.95,38.68,12.37
Finland,FIN,1972,48.99,39.97,11.04
Finland,FIN,1973,48.51,40.83,10.67
Finland,FIN,1974,47,42.79,10.2
Finland,FIN,1975,49.9,39.56,10.54
Finland,FIN,1976,52.06,38.1,9.84
Finland,FIN,1977,52.69,37.64,9.68
Finland,FIN,1978,52.89,38.09,9.02
Finland,FIN,1979,52.29,38.69,9.02
Finland,FIN,1980,52.07,38.44,9.49
Finland,FIN,1981,53.32,38.01,8.67
Finland,FIN,1982,54.17,37.11,8.72
Finland,FIN,1983,54.63,36.94,8.42
Finland,FIN,1984,55.05,36.52,8.43
Finland,FIN,1985,56.59,35.38,8.03
Finland,FIN,1986,57.87,34.73,7.4
Finland,FIN,1987,58.44,35.16,6.4
Finland,FIN,1988,58.36,35.33,6.31
Finland,FIN,1989,57.89,35.57,6.55
Finland,FIN,1990,59.67,33.71,6.63
Finland,FIN,1991,64.15,30.09,5.76
Finland,FIN,1992,65.22,29.69,5.09
Finland,FIN,1993,64.28,30.5,5.22
Finland,FIN,1994,62.95,31.48,5.58
Finland,FIN,1995,62.17,33.06,4.78
Finland,FIN,1996,64.04,31.67,4.29
Finland,FIN,1997,63.44,32.32,4.25
Finland,FIN,1998,62.81,33.37,3.82
Finland,FIN,1999,63.22,33.02,3.76
Finland,FIN,2000,62.24,34.14,3.62
Finland,FIN,2001,63.14,33.5,3.36
France,FRA,1815,25.98,36.73,37.3
France,FRA,1816,23.04,33.8,43.16
France,FRA,1817,21.04,29.23,49.72
France,FRA,1818,21.87,35.71,42.42
France,FRA,1819,23.01,35.08,41.9
France,FRA,1820,23.16,36.28,40.57
France,FRA,1821,22.93,36.46,40.61
France,FRA,1822,23.61,40.68,35.71
France,FRA,1823,23.71,36.87,39.42
France,FRA,1824,23.41,37.3,39.29
France,FRA,1825,22.66,40.94,36.4
France,FRA,1826,22.91,39.22,37.88
France,FRA,1827,22.33,38.93,38.74
France,FRA,1828,22.45,38.38,39.17
France,FRA,1829,21.53,37.98,40.48
France,FRA,1830,21.21,38.77,40.02
France,FRA,1831,22.31,36.73,40.96
France,FRA,1832,21.78,34.07,44.15
France,FRA,1833,22.27,39.23,38.51
France,FRA,1834,22.18,40.34,37.49
France,FRA,1835,21.8,41.69,36.51
France,FRA,1836,21.81,45.84,32.35
France,FRA,1837,22.52,42.03,35.45
France,FRA,1838,22.13,43.28,34.58
France,FRA,1839,23.02,42.72,34.26
France,FRA,1840,22.44,40.61,36.95
France,FRA,1841,23.61,42.17,34.22
France,FRA,1842,23.23,42.73,34.04
France,FRA,1843,23.47,40.97,35.56
France,FRA,1844,23.12,41.02,35.86
France,FRA,1845,23.14,42.77,34.09
France,FRA,1846,22.56,43.47,33.97
France,FRA,1847,21.53,38.19,40.28
France,FRA,1848,24.19,35.9,39.9
France,FRA,1849,23.48,43.35,33.16
France,FRA,1850,23.5,44.7,31.8
France,FRA,1851,23.9,43.79,32.31
France,FRA,1852,22.89,43.01,34.1
France,FRA,1853,23.4,44.1,32.51
France,FRA,1854,22.8,41.93,35.26
France,FRA,1855,23.69,41.53,34.78
France,FRA,1856,23.18,41.91,34.91
France,FRA,1857,22.91,38.04,39.05
France,FRA,1858,23.63,36.75,39.63
France,FRA,1859,24.71,38.24,37.05
France,FRA,1860,23.26,38.02,38.72
France,FRA,1861,23.56,40.77,35.67
France,FRA,1862,23.42,37.24,39.34
France,FRA,1863,23.61,37.41,38.98
France,FRA,1864,23.8,38.01,38.19
France,FRA,1865,25.03,38.59,36.38
France,FRA,1866,24.27,39.78,35.95
France,FRA,1867,25.05,41.69,33.27
France,FRA,1868,23.67,39.23,37.11
France,FRA,1869,23.43,38.86,37.7
France,FRA,1870,25.49,35.11,39.41
France,FRA,1871,27.57,32.74,39.69
France,FRA,1872,25.77,37.26,36.96
France,FRA,1873,26.76,40.27,32.98
France,FRA,1874,26.19,37.69,36.12
France,FRA,1875,26.82,39.39,33.79
France,FRA,1876,28.26,40.09,31.65
France,FRA,1877,27.89,38.22,33.89
France,FRA,1878,29.22,37.24,33.55
France,FRA,1879,31.02,38.53,30.44
France,FRA,1880,30.35,37.68,31.97
France,FRA,1881,30.15,39.51,30.33
France,FRA,1882,30.03,39.27,30.7
France,FRA,1883,30.7,38.57,30.73
France,FRA,1884,31.47,37.81,30.72
France,FRA,1885,33.33,37.15,29.52
France,FRA,1886,33.83,38.04,28.14
France,FRA,1887,34.56,38.01,27.43
France,FRA,1888,34.55,38.53,26.92
France,FRA,1889,34.25,40.7,25.05
France,FRA,1890,33.7,39.02,27.28
France,FRA,1891,34.11,39.79,26.1
France,FRA,1892,34.68,39.33,25.99
France,FRA,1893,35.32,38.06,26.61
France,FRA,1894,35.6,36.66,27.75
France,FRA,1895,36.84,35.8,27.36
France,FRA,1896,36.5,38.11,25.38
France,FRA,1897,36.05,40.28,23.67
France,FRA,1898,35.59,37.5,26.91
France,FRA,1899,35.69,38.9,25.41
France,FRA,1900,36.27,36.17,27.55
France,FRA,1901,37.29,38.75,23.96
France,FRA,1902,36.96,37.9,25.15
France,FRA,1903,36.22,37.62,26.16
France,FRA,1904,36.81,37.67,25.52
France,FRA,1905,37.7,37.18,25.12
France,FRA,1906,36.96,38.51,24.53
France,FRA,1907,36.06,38.58,25.36
France,FRA,1908,37.16,37.65,25.19
France,FRA,1909,36.45,38.14,25.4
France,FRA,1910,36.7,36.73,26.57
France,FRA,1911,35.52,37.89,26.59
France,FRA,1912,34.53,38.67,26.8
France,FRA,1913,34.97,38.76,26.27
France,FRA,1920,28.08,49.19,22.73
France,FRA,1921,35.14,39.51,25.35
France,FRA,1922,34.52,44.4,21.07
France,FRA,1923,32.98,46.76,20.25
France,FRA,1924,32.29,47.38,20.34
France,FRA,1925,32.39,47.57,20.04
France,FRA,1926,32.08,47.48,20.44
France,FRA,1927,34.25,44.05,21.71
France,FRA,1928,34.87,43.93,21.19
France,FRA,1929,35.46,44.3,20.24
France,FRA,1930,35.92,44.22,19.86
France,FRA,1931,39.29,39.57,21.14
France,FRA,1932,40.65,34.28,25.08
France,FRA,1933,41.05,37.64,21.32
France,FRA,1934,43.25,35.33,21.42
France,FRA,1935,45.77,36.2,18.03
France,FRA,1936,43.23,35.05,21.72
France,FRA,1938,40.69,39.26,20.05
France,FRA,1970,52.14,38.22,9.64
France,FRA,1971,52.63,38.17,9.2
France,FRA,1972,52.53,37.44,10.04
France,FRA,1973,52.59,37.54,9.87
France,FRA,1974,54.07,37.55,8.37
France,FRA,1975,56.19,36.33,7.48
France,FRA,1976,56.65,36.34,7.02
France,FRA,1977,57.71,35.66,6.63
France,FRA,1978,58.24,35.09,6.67
France,FRA,1979,58.72,34.51,6.77
France,FRA,1980,59.48,34.48,6.03
France,FRA,1981,60.67,33.37,5.96
France,FRA,1982,61.15,32.15,6.71
France,FRA,1983,62.63,31.58,5.79
France,FRA,1984,63.75,30.81,5.45
France,FRA,1985,64.04,30.49,5.47
France,FRA,1986,64.4,30.28,5.33
France,FRA,1987,65.06,29.94,5
France,FRA,1988,65.26,30.05,4.69
France,FRA,1989,65.22,29.66,5.12
France,FRA,1990,65.58,29.3,5.12
France,FRA,1991,66.85,28.97,4.17
France,FRA,1992,67.33,28.41,4.26
France,FRA,1993,69.21,26.79,4
France,FRA,1994,69.44,26.23,4.33
France,FRA,1995,69.33,26.35,4.32
France,FRA,1996,70.25,25.45,4.29
France,FRA,1997,70.32,25.48,4.19
France,FRA,1998,70.48,25.31,4.21
France,FRA,1999,68,28.01,3.99
France,FRA,2000,67.94,28.29,3.76
France,FRA,2001,68.35,27.84,3.81
France,FRA,2002,69.61,26.78,3.61
France,FRA,2003,70.48,26.2,3.32
France,FRA,2004,70.6,26.08,3.33
France,FRA,2005,70.67,26.19,3.14
France,FRA,2006,71.03,26.06,2.91
France,FRA,2007,70.45,26.46,3.09
France,FRA,2008,70.91,26.23,2.86
France,FRA,2009,73.23,24.31,2.46
France,FRA,2010,73.83,23.29,2.88
France,FRA,2011,73.98,23.11,2.91
Japan,JPN,1885,43.12,13.93,42.94
Japan,JPN,1886,43.07,14.83,42.09
Japan,JPN,1887,43.3,16.69,40.01
Japan,JPN,1888,44.29,17.36,38.35
Japan,JPN,1889,43.48,19.2,37.32
Japan,JPN,1890,39.36,14.6,46.04
Japan,JPN,1891,42.2,15.77,42.02
Japan,JPN,1892,42.45,15.39,42.16
Japan,JPN,1893,42.67,16.7,40.63
Japan,JPN,1894,40.95,15.91,43.14
Japan,JPN,1895,41.87,17.4,40.72
Japan,JPN,1896,41.97,19.79,38.24
Japan,JPN,1897,41.69,21.37,36.94
Japan,JPN,1898,37.72,18.85,43.43
Japan,JPN,1899,39.87,22.5,37.63
Japan,JPN,1900,41.8,20.47,37.73
Japan,JPN,1901,41.78,20.56,37.66
Japan,JPN,1902,44.01,20.28,35.71
Japan,JPN,1903,41.51,19.14,39.35
Japan,JPN,1904,43.62,17.81,38.57
Japan,JPN,1905,48.09,20.44,31.47
Japan,JPN,1906,43.32,22.37,34.3
Japan,JPN,1907,39.58,24.09,36.33
Japan,JPN,1908,41.55,22.69,35.76
Japan,JPN,1909,43.16,24.16,32.69
Japan,JPN,1910,43.83,25.33,30.84
Japan,JPN,1911,41.97,22.92,35.1
Japan,JPN,1912,40.39,22.96,36.65
Japan,JPN,1913,39.42,24.63,35.95
Japan,JPN,1914,42.46,27.03,30.51
Japan,JPN,1915,42.3,29.93,27.77
Japan,JPN,1916,40.71,32.6,26.7
Japan,JPN,1917,39.42,32.93,27.65
Japan,JPN,1918,34.3,34.13,31.57
Japan,JPN,1919,34.49,30.45,35.06
Japan,JPN,1920,40.6,29.87,29.52
Japan,JPN,1921,43.83,27.85,28.31
Japan,JPN,1922,45.69,29.21,25.11
Japan,JPN,1923,45.02,29.1,25.88
Japan,JPN,1924,44.49,28.86,26.65
Japan,JPN,1925,44.31,28.77,26.92
Japan,JPN,1926,46.99,29.39,23.62
Japan,JPN,1927,46.43,30.22,23.35
Japan,JPN,1928,47.12,31.96,20.92
Japan,JPN,1929,45.62,33.94,20.45
Japan,JPN,1930,49.43,34,16.56
Japan,JPN,1931,50.07,34.45,15.49
Japan,JPN,1932,47.93,34.72,17.35
Japan,JPN,1933,46.1,35.14,18.75
Japan,JPN,1934,47.07,36.73,16.2
Japan,JPN,1935,44.45,38.24,17.31
Japan,JPN,1936,42.36,39.5,18.14
Japan,JPN,1937,40.92,41.25,17.83
Japan,JPN,1938,37.74,46.05,16.21
Japan,JPN,1939,33.74,47.05,19.21
Japan,JPN,1940,33.54,48.15,18.31
Japan,JPN,1953,46.17,36.71,17.12
Japan,JPN,1954,47.98,34.87,17.15
Japan,JPN,1955,48.91,32.72,18.37
Japan,JPN,1956,48.83,35.53,15.64
Japan,JPN,1957,48.68,36.4,14.92
Japan,JPN,1958,50.32,35.28,14.4
Japan,JPN,1959,49.62,36.76,13.62
Japan,JPN,1960,48.56,39.21,12.23
Japan,JPN,1961,48.86,39.72,11.41
Japan,JPN,1962,50.18,38.96,10.86
Japan,JPN,1963,50.69,39.2,10.12
Japan,JPN,1964,51.28,39.63,9.09
Japan,JPN,1965,52.57,38.33,9.1
Japan,JPN,1966,53.74,37.54,8.71
Japan,JPN,1967,52.89,38.54,8.57
Japan,JPN,1968,53.16,39.27,7.57
Japan,JPN,1969,52.85,40.44,6.71
Japan,JPN,1970,52.89,41.41,5.69
Japan,JPN,1971,54.05,41.01,4.94
Japan,JPN,1972,54.48,40.44,5.08
Japan,JPN,1973,53.75,40.8,5.45
Japan,JPN,1974,55.87,39.03,5.1
Japan,JPN,1975,58.35,36.61,5.04
Japan,JPN,1976,58.59,36.53,4.88
Japan,JPN,1977,59.49,35.81,4.7
Japan,JPN,1978,59.46,36.23,4.31
Japan,JPN,1979,59.63,36.3,4.06
Japan,JPN,1980,60.51,36.06,3.43
Japan,JPN,1981,60.4,36.29,3.31
Japan,JPN,1982,61,35.8,3.21
Japan,JPN,1983,61.77,35.05,3.18
Japan,JPN,1984,61.11,35.74,3.14
Japan,JPN,1985,61,35.94,3.06
Japan,JPN,1986,61.75,35.35,2.9
Japan,JPN,1987,62.06,35.22,2.72
Japan,JPN,1988,61.71,35.73,2.56
Japan,JPN,1989,61.56,35.95,2.5
Japan,JPN,1990,61.08,36.47,2.44
Japan,JPN,1991,61.01,36.7,2.29
Japan,JPN,1992,61.51,36.28,2.21
Japan,JPN,1993,62.2,35.74,2.06
Japan,JPN,1994,63.1,34.76,2.14
Japan,JPN,1995,63.43,34.63,1.94
Japan,JPN,1996,63.67,34.35,1.98
Japan,JPN,1997,64.13,34.05,1.83
Japan,JPN,1998,64.98,33.08,1.94
Japan,JPN,1999,65.69,32.41,1.9
Japan,JPN,2000,65.98,32.22,1.81
Japan,JPN,2001,67.52,30.73,1.75
Japan,JPN,2002,68.19,30.05,1.76
Japan,JPN,2003,68.15,30.13,1.73
Japan,JPN,2004,67.81,30.53,1.66
Japan,JPN,2005,67.98,30.47,1.55
Japan,JPN,2006,68.25,30.24,1.51
Japan,JPN,2007,68.06,30.45,1.49
Japan,JPN,2008,68.73,29.75,1.51
Japan,JPN,2009,70.58,27.9,1.52
Japan,JPN,2010,68.88,29.58,1.54
Japan,JPN,2011,69.91,28.57,1.52
Netherlands,NLD,1807,46.41,29.19,24.4
Netherlands,NLD,1808,47.18,31.08,21.75
Netherlands,NLD,1809,45.95,27.57,26.47
Netherlands,NLD,1815,50.74,24.26,25
Netherlands,NLD,1816,48.86,24.54,26.6
Netherlands,NLD,1817,49.78,21.34,28.88
Netherlands,NLD,1818,49.54,23.6,26.86
Netherlands,NLD,1819,49.98,23,27.02
Netherlands,NLD,1820,48.65,25.63,25.72
Netherlands,NLD,1821,50.26,28.05,21.69
Netherlands,NLD,1822,51.03,29.08,19.89
Netherlands,NLD,1823,49.76,29.82,20.41
Netherlands,NLD,1824,52.04,28.42,19.54
Netherlands,NLD,1825,51,27.47,21.54
Netherlands,NLD,1826,49.94,27.79,22.27
Netherlands,NLD,1827,46.98,28.93,24.09
Netherlands,NLD,1828,48.63,29.76,21.61
Netherlands,NLD,1829,47.51,29.38,23.11
Netherlands,NLD,1830,46.55,29.63,23.81
Netherlands,NLD,1831,48.51,26.56,24.93
Netherlands,NLD,1832,52.16,24.7,23.14
Netherlands,NLD,1833,50.75,27.6,21.65
Netherlands,NLD,1834,50.33,29.49,20.19
Netherlands,NLD,1835,47.17,30.66,22.17
Netherlands,NLD,1836,48.18,30.41,21.41
Netherlands,NLD,1837,46.52,31.5,21.97
Netherlands,NLD,1838,46.47,31.3,22.23
Netherlands,NLD,1839,47.55,28.57,23.88
Netherlands,NLD,1840,44.9,30.08,25.02
Netherlands,NLD,1841,46.05,31.88,22.07
Netherlands,NLD,1842,45.16,30.18,24.66
Netherlands,NLD,1843,46.17,29.24,24.59
Netherlands,NLD,1844,48.56,29.06,22.39
Netherlands,NLD,1845,46.93,29.96,23.11
Netherlands,NLD,1846,45.99,27.82,26.19
Netherlands,NLD,1847,44.96,24.12,30.92
Netherlands,NLD,1848,46.65,27.87,25.48
Netherlands,NLD,1849,48.46,27.19,24.35
Netherlands,NLD,1850,48.99,26.06,24.95
Netherlands,NLD,1851,48.7,24.75,26.56
Netherlands,NLD,1852,49.27,24.49,26.24
Netherlands,NLD,1853,47.03,24.5,28.48
Netherlands,NLD,1854,45.08,23.8,31.12
Netherlands,NLD,1855,46.19,22.93,30.88
Netherlands,NLD,1856,46.4,21.75,31.86
Netherlands,NLD,1857,47.23,24.46,28.32
Netherlands,NLD,1858,49.62,24.33,26.05
Netherlands,NLD,1859,49.48,22.94,27.58
Netherlands,NLD,1860,47.45,23.42,29.13
Netherlands,NLD,1861,50.5,23.83,25.67
Netherlands,NLD,1862,49.05,22.35,28.6
Netherlands,NLD,1863,49.48,25.07,25.46
Netherlands,NLD,1864,50.35,24.05,25.6
Netherlands,NLD,1865,49.57,24.54,25.9
Netherlands,NLD,1866,49.18,22.76,28.05
Netherlands,NLD,1867,48.96,23.74,27.3
Netherlands,NLD,1868,48.84,22.28,28.88
Netherlands,NLD,1869,47.58,22.49,29.93
Netherlands,NLD,1870,47.07,24.02,28.91
Netherlands,NLD,1871,48.01,23.98,28.01
Netherlands,NLD,1872,47.05,26.95,25.99
Netherlands,NLD,1873,46.13,29.68,24.19
Netherlands,NLD,1874,44.87,29.18,25.94
Netherlands,NLD,1875,45.23,29.21,25.56
Netherlands,NLD,1876,44.32,29.23,26.44
Netherlands,NLD,1877,43.57,30.83,25.6
Netherlands,NLD,1878,44.46,30.05,25.48
Netherlands,NLD,1879,46.53,30.32,23.15
Netherlands,NLD,1880,45.37,28.8,25.83
Netherlands,NLD,1881,45.59,30.99,23.42
Netherlands,NLD,1882,44.58,31.78,23.64
Netherlands,NLD,1883,45.89,30.47,23.65
Netherlands,NLD,1884,47.25,29.96,22.8
Netherlands,NLD,1885,47.11,31.05,21.84
Netherlands,NLD,1886,47.22,30.62,22.16
Netherlands,NLD,1887,47.82,30.99,21.18
Netherlands,NLD,1888,47.63,32.81,19.56
Netherlands,NLD,1889,47.11,32.06,20.84
Netherlands,NLD,1890,49.29,30.45,20.26
Netherlands,NLD,1891,49.78,30.42,19.8
Netherlands,NLD,1892,50,29.98,20.02
Netherlands,NLD,1893,51.64,29.05,19.31
Netherlands,NLD,1894,49.61,31.89,18.51
Netherlands,NLD,1895,51.26,29.55,19.19
Netherlands,NLD,1896,49.98,30.81,19.2
Netherlands,NLD,1897,49.91,31.67,18.42
Netherlands,NLD,1898,50.14,30.92,18.95
Netherlands,NLD,1899,49.99,31.54,18.47
Netherlands,NLD,1900,49.85,31.93,18.22
Netherlands,NLD,1901,49.18,31.73,19.09
Netherlands,NLD,1902,49.35,31.56,19.08
Netherlands,NLD,1903,49.36,32.7,17.94
Netherlands,NLD,1904,49.35,32.65,18
Netherlands,NLD,1905,49.48,32.77,17.75
Netherlands,NLD,1906,50.53,32.3,17.18
Netherlands,NLD,1907,50.61,32.28,17.11
Netherlands,NLD,1908,50.48,32.22,17.29
Netherlands,NLD,1909,50.49,31.59,17.92
Netherlands,NLD,1910,50.13,31.33,18.54
Netherlands,NLD,1911,50.72,30.94,18.33
Netherlands,NLD,1912,51.83,31.46,16.71
Netherlands,NLD,1913,52.12,32.65,15.23
Netherlands,NLD,1970,56.2,37.5,6.3
Netherlands,NLD,1971,56.88,37.2,5.92
Netherlands,NLD,1972,57.24,36.87,5.88
Netherlands,NLD,1973,57.32,36.87,5.81
Netherlands,NLD,1974,57.85,37.05,5.1
Netherlands,NLD,1975,59.19,35.49,5.32
Netherlands,NLD,1976,58.96,35.72,5.32
Netherlands,NLD,1977,59.87,35.17,4.96
Netherlands,NLD,1978,61.12,34.12,4.76
Netherlands,NLD,1979,61.7,33.92,4.39
Netherlands,NLD,1980,61.33,34.37,4.3
Netherlands,NLD,1981,60.72,34.42,4.86
Netherlands,NLD,1982,61.07,33.92,5.01
Netherlands,NLD,1983,61.19,33.96,4.84
Netherlands,NLD,1984,60.15,35.02,4.83
Netherlands,NLD,1985,59.8,35.43,4.77
Netherlands,NLD,1986,62.04,33.01,4.95
Netherlands,NLD,1987,64.02,31.18,4.8
Netherlands,NLD,1988,63.56,31.67,4.77
Netherlands,NLD,1989,63.17,31.67,5.16
Netherlands,NLD,1990,63.28,31.7,5.02
Netherlands,NLD,1991,63.77,31.33,4.9
Netherlands,NLD,1992,65.05,30.33,4.62
Netherlands,NLD,1993,65.96,29.95,4.09
Netherlands,NLD,1994,66.05,29.78,4.17
Netherlands,NLD,1995,65.83,30.07,4.09
Netherlands,NLD,1996,66.41,29.69,3.9
Netherlands,NLD,1997,66.93,28.95,4.12
Netherlands,NLD,1998,68.05,28.39,3.56
Netherlands,NLD,1999,69.18,27.62,3.2
Netherlands,NLD,2000,68.53,28.3,3.17
Netherlands,NLD,2001,69.19,27.76,3.05
Netherlands,NLD,2002,70.79,26.46,2.74
Netherlands,NLD,2003,71.33,25.92,2.75
Netherlands,NLD,2004,71.26,26.21,2.53
Netherlands,NLD,2005,71.2,26.35,2.46
Netherlands,NLD,2006,70.41,26.97,2.61
Netherlands,NLD,2007,70.27,27.24,2.49
Netherlands,NLD,2008,69.63,28.21,2.16
Netherlands,NLD,2009,73.09,24.92,1.99
Netherlands,NLD,2010,73.01,24.74,2.25
Netherlands,NLD,2011,71.98,25.97,2.05
South Korea,KOR,1911,25.51,7.19,67.3
South Korea,KOR,1912,25.11,6.67,68.22
South Korea,KOR,1913,24.27,6.68,69.05
South Korea,KOR,1914,25.94,7.96,66.1
South Korea,KOR,1915,28.44,9.68,61.88
South Korea,KOR,1916,27.27,9.41,63.33
South Korea,KOR,1917,25.77,8.95,65.29
South Korea,KOR,1918,24.07,9.15,66.79
South Korea,KOR,1919,27.59,10.07,62.34
South Korea,KOR,1920,26.88,8.76,64.36
South Korea,KOR,1921,31.18,11.26,57.55
South Korea,KOR,1922,29.93,10.7,59.37
South Korea,KOR,1923,30.46,10.99,58.55
South Korea,KOR,1924,29.77,10.63,59.6
South Korea,KOR,1925,29.26,10.46,60.28
South Korea,KOR,1926,30.59,11.41,58
South Korea,KOR,1927,31.25,11.82,56.93
South Korea,KOR,1928,33.98,13.14,52.88
South Korea,KOR,1929,35.14,13.46,51.4
South Korea,KOR,1930,37.33,16.08,46.6
South Korea,KOR,1931,36.15,16.95,46.9
South Korea,KOR,1932,34.34,16.45,49.2
South Korea,KOR,1933,34,17.51,48.49
South Korea,KOR,1934,33.76,17.2,49.04
South Korea,KOR,1935,32.46,18.19,49.35
South Korea,KOR,1936,33.67,22.41,43.92
South Korea,KOR,1937,30.82,22.77,46.41
South Korea,KOR,1938,31.86,26.25,41.9
South Korea,KOR,1939,33.03,28.09,38.88
South Korea,KOR,1940,31.61,27.54,40.85
South Korea,KOR,1953,40.8,12.67,46.54
South Korea,KOR,1954,44.79,15.55,39.66
South Korea,KOR,1955,39.09,16.01,44.89
South Korea,KOR,1956,36.98,15.95,47.07
South Korea,KOR,1957,39.31,16.6,44.08
South Korea,KOR,1958,42.24,17.98,39.78
South Korea,KOR,1959,47.04,19.65,33.31
South Korea,KOR,1960,45.38,19.5,35.12
South Korea,KOR,1961,42.37,19.21,38.42
South Korea,KOR,1962,44.15,20.8,35.05
South Korea,KOR,1963,40.07,18.52,41.41
South Korea,KOR,1964,34.61,19.64,45.75
South Korea,KOR,1965,39.01,22.33,38.67
South Korea,KOR,1966,42.07,22.6,35.33
South Korea,KOR,1967,45.68,23.05,31.28
South Korea,KOR,1968,47.33,24.68,27.99
South Korea,KOR,1969,45.85,25.64,28.5
South Korea,KOR,1970,45.72,26.54,27.75
South Korea,KOR,1971,46.18,25.72,28.1
South Korea,KOR,1972,46.15,26.27,27.58
South Korea,KOR,1973,44.85,29.28,25.87
South Korea,KOR,1974,43.9,30.38,25.73
South Korea,KOR,1975,43.11,30.99,25.9
South Korea,KOR,1976,43.15,32.21,24.64
South Korea,KOR,1977,43.12,33.22,23.66
South Korea,KOR,1978,42.39,35.57,22.04
South Korea,KOR,1979,42.32,37.08,20.6
South Korea,KOR,1980,46.17,37.82,16.01
South Korea,KOR,1981,46.26,37,16.74
South Korea,KOR,1982,47.4,36.94,15.65
South Korea,KOR,1983,47.31,38.31,14.39
South Korea,KOR,1984,47.69,38.71,13.6
South Korea,KOR,1985,48.6,37.87,13.53
South Korea,KOR,1986,49.14,38.81,12.05
South Korea,KOR,1987,49.27,39.79,10.94
South Korea,KOR,1988,48.43,40.62,10.95
South Korea,KOR,1989,49.48,40.26,10.26
South Korea,KOR,1990,49.29,41.4,9.31
South Korea,KOR,1991,48.77,42.84,8.39
South Korea,KOR,1992,49.97,41.86,8.17
South Korea,KOR,1993,50.32,42.25,7.43
South Korea,KOR,1994,50.6,42.11,7.29
South Korea,KOR,1995,50.41,42.64,6.95
South Korea,KOR,1996,51.34,42.09,6.58
South Korea,KOR,1997,52.17,41.81,6.02
South Korea,KOR,1998,53.41,40.98,5.61
South Korea,KOR,1999,53.58,40.66,5.76
South Korea,KOR,2000,54.15,40.6,5.24
South Korea,KOR,2001,55.93,39.09,4.97
South Korea,KOR,2002,56.09,39.31,4.6
South Korea,KOR,2003,55.95,39.76,4.29
South Korea,KOR,2004,54.3,41.42,4.28
South Korea,KOR,2005,54.95,41.21,3.84
South Korea,KOR,2006,55.66,40.68,3.65
South Korea,KOR,2007,55.79,40.87,3.34
South Korea,KOR,2008,55.6,41.28,3.12
South Korea,KOR,2009,56.2,40.79,3.01
South Korea,KOR,2010,54.29,42.85,2.86
South Korea,KOR,2011,53.73,43.35,2.92
Spain,ESP,1850,45.4,17.19,37.41
Spain,ESP,1851,44.81,18.23,36.96
Spain,ESP,1852,45.19,19.53,35.28
Spain,ESP,1853,39.76,15.78,44.47
Spain,ESP,1854,40.54,16.05,43.41
Spain,ESP,1855,36.36,15.12,48.52
Spain,ESP,1856,39.78,18.55,41.67
Spain,ESP,1857,41.45,19.7,38.85
Spain,ESP,1858,41.06,20.86,38.08
Spain,ESP,1859,39.83,20.85,39.32
Spain,ESP,1860,40.1,20.44,39.46
Spain,ESP,1861,39.7,20.65,39.64
Spain,ESP,1862,39.48,21.42,39.09
Spain,ESP,1863,38.88,21.94,39.17
Spain,ESP,1864,40.26,22.16,37.58
Spain,ESP,1865,40.14,21.55,38.32
Spain,ESP,1866,39.54,20.82,39.64
Spain,ESP,1867,37.82,20.02,42.16
Spain,ESP,1868,42.89,21.41,35.7
Spain,ESP,1869,43.47,22.89,33.64
Spain,ESP,1870,40.83,20.9,38.27
Spain,ESP,1871,39.71,21.26,39.04
Spain,ESP,1872,36.95,20.79,42.26
Spain,ESP,1873,37.23,22.47,40.3
Spain,ESP,1874,40.47,20.88,38.65
Spain,ESP,1875,41.43,21.76,36.82
Spain,ESP,1876,38.57,21.09,40.34
Spain,ESP,1877,35.82,21.8,42.38
Spain,ESP,1878,36.27,21.29,42.44
Spain,ESP,1879,36.67,22.65,40.68
Spain,ESP,1880,35.89,24.72,39.38
Spain,ESP,1881,35.1,26.37,38.53
Spain,ESP,1882,34.66,26.59,38.74
Spain,ESP,1883,34.92,26.96,38.11
Spain,ESP,1884,35.87,25.55,38.59
Spain,ESP,1885,35.85,25.89,38.25
Spain,ESP,1886,35.3,24.69,40.01
Spain,ESP,1887,38.14,26.03,35.84
Spain,ESP,1888,35.92,26.69,37.4
Spain,ESP,1889,39.2,26.49,34.31
Spain,ESP,1890,38.4,27.99,33.61
Spain,ESP,1891,37.74,29,33.25
Spain,ESP,1892,38.55,28.08,33.37
Spain,ESP,1893,39.74,29.19,31.07
Spain,ESP,1894,39.89,28.53,31.59
Spain,ESP,1895,39.07,28.33,32.59
Spain,ESP,1896,41.21,28.25,30.54
Spain,ESP,1897,38.87,25.83,35.3
Spain,ESP,1898,39.77,27.47,32.76
Spain,ESP,1899,40.5,29.1,30.4
Spain,ESP,1900,39.83,30.28,29.89
Spain,ESP,1901,37.76,29.03,33.21
Spain,ESP,1902,40.4,28.31,31.29
Spain,ESP,1903,39.14,28.91,31.95
Spain,ESP,1904,38.75,29.53,31.72
Spain,ESP,1905,39.75,28.16,32.09
Spain,ESP,1906,39.46,28.89,31.64
Spain,ESP,1907,36.81,30.18,33.01
Spain,ESP,1908,39.54,30.07,30.39
Spain,ESP,1909,38.86,28.47,32.67
Spain,ESP,1910,41.42,30.73,27.85
Spain,ESP,1911,39.76,29.1,31.14
Spain,ESP,1912,41.26,31.83,26.91
Spain,ESP,1913,40.41,30.51,29.08
Spain,ESP,1914,42.27,30.01,27.71
Spain,ESP,1915,38.35,28.63,33.02
Spain,ESP,1916,37.32,30.7,31.98
Spain,ESP,1917,39.6,30.92,29.48
Spain,ESP,1918,39.3,30.39,30.31
Spain,ESP,1919,39.39,28.48,32.13
Spain,ESP,1920,37.87,30.2,31.93
Spain,ESP,1921,41.12,30.01,28.87
Spain,ESP,1922,41.11,29.44,29.44
Spain,ESP,1923,42.47,31.63,25.9
Spain,ESP,1924,41.73,31.79,26.48
Spain,ESP,1925,41.68,30.78,27.53
Spain,ESP,1926,42.93,32.55,24.52
Spain,ESP,1927,39.1,32.31,28.59
Spain,ESP,1928,42.16,34.17,23.67
Spain,ESP,1929,40.78,32.86,26.36
Spain,ESP,1930,44.97,32.25,22.78
Spain,ESP,1931,46.84,28.99,24.17
Spain,ESP,1932,45.27,28.11,26.62
Spain,ESP,1933,48.23,29.43,22.34
Spain,ESP,1934,48.16,27.27,24.57
Spain,ESP,1935,49.47,27.51,23.03
Spain,ESP,1940,49.94,23.26,26.8
Spain,ESP,1941,51.68,22.93,25.39
Spain,ESP,1942,48.11,24.88,27.01
Spain,ESP,1943,49.3,23.76,26.94
Spain,ESP,1944,45.06,23.63,31.31
Spain,ESP,1945,48.91,24.66,26.43
Spain,ESP,1946,43.97,25.81,30.22
Spain,ESP,1947,45.64,26.97,27.38
Spain,ESP,1948,45.5,29.49,25
Spain,ESP,1949,46.22,25.7,28.09
Spain,ESP,1950,44.27,27.02,28.71
Spain,ESP,1951,41.08,30.05,28.87
Spain,ESP,1952,42.26,31.04,26.7
Spain,ESP,1953,41.79,33.16,25.05
Spain,ESP,1954,42.65,33.52,23.83
Spain,ESP,1955,41.94,34.52,23.54
Spain,ESP,1956,42.23,35.22,22.55
Spain,ESP,1957,41.54,35.55,22.91
Spain,ESP,1958,40.71,35.95,23.34
Spain,ESP,1970,43.84,43.03,13.13
Spain,ESP,1971,44.14,41.98,13.88
Spain,ESP,1972,44.06,43.2,12.75
Spain,ESP,1973,43.53,44.19,12.27
Spain,ESP,1974,43.22,45.45,11.33
Spain,ESP,1975,45.34,43.4,11.26
Spain,ESP,1976,46.28,42.84,10.88
Spain,ESP,1977,47.11,42.3,10.59
Spain,ESP,1978,47.55,41.48,10.97
Spain,ESP,1979,49.18,41.13,9.69
Spain,ESP,1980,50.23,40.81,8.96
Spain,ESP,1981,52.72,39.82,7.46
Spain,ESP,1982,53.69,38.68,7.64
Spain,ESP,1983,54.27,38.27,7.46
Spain,ESP,1984,54.84,37.12,8.04
Spain,ESP,1985,55.28,36.66,8.06
Spain,ESP,1986,53.77,37.49,8.74
Spain,ESP,1987,54.3,37.11,8.59
Spain,ESP,1988,53.84,37.34,8.82
Spain,ESP,1989,54.02,37.85,8.12
Spain,ESP,1990,55.23,36.98,7.79
Spain,ESP,1991,56.76,36.15,7.09
Spain,ESP,1992,60.15,33.59,6.26
Spain,ESP,1993,61.71,31.37,6.93
Spain,ESP,1994,61.95,31.15,6.9
Spain,ESP,1995,61.05,32.43,6.52
Spain,ESP,1996,60.84,31.99,7.17
Spain,ESP,1997,61.08,32.17,6.74
Spain,ESP,1998,61.5,32.22,6.27
Spain,ESP,1999,62.2,32.23,5.57
Spain,ESP,2000,62.19,32.57,5.23
Spain,ESP,2001,62.29,32.63,5.08
Spain,ESP,2002,62.64,32.53,4.82
Spain,ESP,2003,62.64,32.58,4.78
Spain,ESP,2004,62.62,32.99,4.38
Spain,ESP,2005,62.37,33.73,3.9
Spain,ESP,2006,62.46,34.12,3.42
Spain,ESP,2007,63.32,33.16,3.52
Spain,ESP,2008,64.68,32.05,3.26
Spain,ESP,2009,68.21,28.58,3.21
Spain,ESP,2010,67.63,28.88,3.5
Spain,ESP,2011,67.95,28.59,3.47
Sweden,SWE,1800,44.44,14.94,40.78
Sweden,SWE,1801,44.02,17.19,38.78
Sweden,SWE,1802,45.75,15.65,38.6
Sweden,SWE,1803,46.67,15.78,37.56
Sweden,SWE,1804,48.05,12.43,39.52
Sweden,SWE,1805,45.68,13.99,40.34
Sweden,SWE,1806,47.5,14.5,38
Sweden,SWE,1807,45.98,14.03,39.99
Sweden,SWE,1808,48.18,13.07,38.74
Sweden,SWE,1809,44.28,11.28,44.44
Sweden,SWE,1810,44.52,10.75,44.73
Sweden,SWE,1811,44.54,15.4,40.06
Sweden,SWE,1812,48.42,11.79,39.79
Sweden,SWE,1813,46.71,15.94,37.35
Sweden,SWE,1814,46.01,13.18,40.82
Sweden,SWE,1815,44.42,14.18,41.4
Sweden,SWE,1816,45.63,15.41,38.96
Sweden,SWE,1817,46.34,13.63,40.03
Sweden,SWE,1818,45.58,18.7,35.72
Sweden,SWE,1819,44.6,18.47,36.94
Sweden,SWE,1820,43.48,15.96,40.56
Sweden,SWE,1821,44.23,16.01,39.76
Sweden,SWE,1822,45.47,14.54,39.98
Sweden,SWE,1823,46.04,13.23,40.73
Sweden,SWE,1824,44.76,14.8,40.44
Sweden,SWE,1825,44.88,16.84,38.28
Sweden,SWE,1826,46.29,16.6,37.11
Sweden,SWE,1827,43.38,17.33,39.29
Sweden,SWE,1828,43.38,15.98,40.64
Sweden,SWE,1829,45.42,15.69,38.89
Sweden,SWE,1830,44.98,14.43,40.59
Sweden,SWE,1831,44.99,16.13,38.88
Sweden,SWE,1832,44.08,14.83,41.09
Sweden,SWE,1833,44.47,14.78,40.75
Sweden,SWE,1834,44.95,14.71,40.33
Sweden,SWE,1835,44.48,14.96,40.57
Sweden,SWE,1836,43.52,17.39,39.09
Sweden,SWE,1837,44.62,16.67,38.71
Sweden,SWE,1838,44.16,17.55,38.28
Sweden,SWE,1839,42.85,16.86,40.29
Sweden,SWE,1840,42.98,16.43,40.59
Sweden,SWE,1841,43.37,16.44,40.19
Sweden,SWE,1842,43.85,14.97,41.18
Sweden,SWE,1843,43.07,15.6,41.33
Sweden,SWE,1844,42,17.03,40.97
Sweden,SWE,1845,43.36,17.81,38.83
Sweden,SWE,1846,42.76,17.2,40.04
Sweden,SWE,1847,42.32,17.55,40.13
Sweden,SWE,1848,43.02,15.78,41.21
Sweden,SWE,1849,42.85,16.81,40.34
Sweden,SWE,1850,42.42,19.06,38.52
Sweden,SWE,1851,42.48,19.81,37.71
Sweden,SWE,1852,42.51,19.7,37.79
Sweden,SWE,1853,43.67,19.89,36.44
Sweden,SWE,1854,41.93,19.02,39.05
Sweden,SWE,1855,41.98,22,36.03
Sweden,SWE,1856,42.12,20.49,37.38
Sweden,SWE,1857,42.15,21.11,36.73
Sweden,SWE,1858,41.29,19.77,38.94
Sweden,SWE,1859,41.5,20.54,37.97
Sweden,SWE,1860,41.96,21.05,36.99
Sweden,SWE,1861,42.36,19.25,38.38
Sweden,SWE,1862,42.15,20.68,37.16
Sweden,SWE,1863,41.13,20.72,38.15
Sweden,SWE,1864,41.7,21.72,36.58
Sweden,SWE,1865,42.89,21.4,35.72
Sweden,SWE,1866,42.57,21.46,35.97
Sweden,SWE,1867,40.94,20.37,38.69
Sweden,SWE,1868,42.22,19.99,37.78
Sweden,SWE,1869,40.46,19.74,39.8
Sweden,SWE,1870,39.71,19.61,40.68
Sweden,SWE,1871,40.04,19.44,40.52
Sweden,SWE,1872,39.64,21.33,39.03
Sweden,SWE,1873,40.01,23.26,36.73
Sweden,SWE,1874,39.05,24.56,36.39
Sweden,SWE,1875,39.76,24.04,36.2
Sweden,SWE,1876,39.86,23.48,36.66
Sweden,SWE,1877,40.12,24,35.87
Sweden,SWE,1878,40.04,22.76,37.2
Sweden,SWE,1879,40.25,21.62,38.13
Sweden,SWE,1880,40.7,22.81,36.49
Sweden,SWE,1881,40.67,23.05,36.28
Sweden,SWE,1882,40.61,22.55,36.84
Sweden,SWE,1883,41.04,21.74,37.22
Sweden,SWE,1884,41.54,23.61,34.85
Sweden,SWE,1885,41.81,23.16,35.03
Sweden,SWE,1886,42.2,24.79,33.02
Sweden,SWE,1887,43.26,23.99,32.75
Sweden,SWE,1888,43.15,24.86,32
Sweden,SWE,1889,42.82,26.23,30.95
Sweden,SWE,1890,43.51,25.62,30.87
Sweden,SWE,1891,42.6,24.22,33.18
Sweden,SWE,1892,42,24.64,33.36
Sweden,SWE,1893,41.94,25.27,32.79
Sweden,SWE,1894,41.39,26.9,31.71
Sweden,SWE,1895,41.18,28.89,29.93
Sweden,SWE,1896,40.99,29.06,29.95
Sweden,SWE,1897,40.49,30.72,28.78
Sweden,SWE,1898,41.66,29.67,28.67
Sweden,SWE,1899,41.52,29.89,28.59
Sweden,SWE,1900,41.42,30.94,27.64
Sweden,SWE,1901,41.48,30.25,28.27
Sweden,SWE,1902,42.41,30.69,26.9
Sweden,SWE,1903,42.27,31.77,25.97
Sweden,SWE,1904,42.62,31.96,25.42
Sweden,SWE,1905,43.31,33.4,23.3
Sweden,SWE,1906,42.57,33.79,23.64
Sweden,SWE,1907,43.46,31.89,24.66
Sweden,SWE,1908,43.01,31.12,25.88
Sweden,SWE,1909,43.96,29.43,26.61
Sweden,SWE,1910,42.52,31.68,25.8
Sweden,SWE,1911,42.45,33.41,24.14
Sweden,SWE,1912,42.81,32.68,24.51
Sweden,SWE,1913,41.59,33.33,25.07
Sweden,SWE,1914,42.58,33.74,23.68
Sweden,SWE,1915,44.79,30.44,24.77
Sweden,SWE,1916,42.56,32.05,25.38
Sweden,SWE,1917,41.28,33.72,25
Sweden,SWE,1918,44.29,30.33,25.38
Sweden,SWE,1919,45.56,29.69,24.75
Sweden,SWE,1920,47.09,30.81,22.09
Sweden,SWE,1921,49.26,30.59,20.14
Sweden,SWE,1922,49.66,31.26,19.07
Sweden,SWE,1923,51.21,31.75,17.04
Sweden,SWE,1924,51.63,31.72,16.64
Sweden,SWE,1925,51.81,32.22,15.97
Sweden,SWE,1926,51.77,32.07,16.17
Sweden,SWE,1927,52.54,32.25,15.21
Sweden,SWE,1928,52.77,32.28,14.95
Sweden,SWE,1929,52.02,33.41,14.56
Sweden,SWE,1930,52.57,34.41,13.02
Sweden,SWE,1931,55.03,32.18,12.79
Sweden,SWE,1932,56.71,31.71,11.58
Sweden,SWE,1933,55.51,31.25,13.24
Sweden,SWE,1934,53.7,33.93,12.36
Sweden,SWE,1935,52.18,35.1,12.72
Sweden,SWE,1936,50.47,36.37,13.17
Sweden,SWE,1937,49.35,37.48,13.18
Sweden,SWE,1938,49.09,38.81,12.1
Sweden,SWE,1939,50.38,38.17,11.46
Sweden,SWE,1940,52.14,36.35,11.51
Sweden,SWE,1941,50.37,37.79,11.84
Sweden,SWE,1942,49.24,39.13,11.63
Sweden,SWE,1943,48.24,39.79,11.97
Sweden,SWE,1944,48.15,39.49,12.36
Sweden,SWE,1945,46.86,41.23,11.91
Sweden,SWE,1946,47.1,41.22,11.68
Sweden,SWE,1947,47.94,41.03,11.03
Sweden,SWE,1948,47.72,42.63,9.65
Sweden,SWE,1949,48.02,42.05,9.92
Sweden,SWE,1950,46.28,42.46,11.26
Sweden,SWE,1951,42.66,45.91,11.43
Sweden,SWE,1952,44.21,41.65,14.14
Sweden,SWE,1953,46.45,42.65,10.9
Sweden,SWE,1954,46.16,43,10.84
Sweden,SWE,1955,47.15,42.88,9.98
Sweden,SWE,1956,47.33,42.55,10.12
Sweden,SWE,1957,48.46,42.75,8.8
Sweden,SWE,1958,49.02,42.55,8.43
Sweden,SWE,1959,49.58,43.05,7.37
Sweden,SWE,1960,49.21,43.22,7.57
Sweden,SWE,1961,49.54,42.96,7.5
Sweden,SWE,1962,49.4,43.52,7.08
Sweden,SWE,1963,50.59,43.24,6.16
Sweden,SWE,1964,50.28,43.37,6.34
Sweden,SWE,1965,50.88,43.1,6.02
Sweden,SWE,1966,52.66,41.96,5.38
Sweden,SWE,1967,53.97,40.97,5.06
Sweden,SWE,1968,55.44,40.22,4.35
Sweden,SWE,1969,55.44,40.64,3.92
Sweden,SWE,1970,55.22,40.84,3.94
Sweden,SWE,1971,56.41,39.42,4.17
Sweden,SWE,1972,57.45,38.89,3.65
Sweden,SWE,1973,57.04,39.49,3.47
Sweden,SWE,1974,55.2,40.59,4.21
Sweden,SWE,1975,55.81,40.12,4.07
Sweden,SWE,1976,57.38,38.53,4.09
Sweden,SWE,1977,60.16,36.11,3.73
Sweden,SWE,1978,62.1,34.54,3.36
Sweden,SWE,1979,62.25,34.78,2.97
Sweden,SWE,1980,62.63,34.33,3.03
Sweden,SWE,1981,64.14,32.78,3.09
Sweden,SWE,1982,64.32,32.61,3.07
Sweden,SWE,1983,64,32.9,3.11
Sweden,SWE,1984,63.08,33.87,3.06
Sweden,SWE,1985,63.12,33.91,2.96
Sweden,SWE,1986,63.5,33.69,2.81
Sweden,SWE,1987,63.83,33.51,2.66
Sweden,SWE,1988,64.19,33.28,2.53
Sweden,SWE,1989,64.04,33.44,2.52
Sweden,SWE,1990,65.41,32.28,2.31
Sweden,SWE,1991,67.27,30.77,1.96
Sweden,SWE,1992,68.36,29.8,1.84
Sweden,SWE,1993,69.63,28.71,1.66
Sweden,SWE,1994,68.21,30.06,1.73
Sweden,SWE,1995,66.69,31.55,1.77
Sweden,SWE,1996,67.56,30.84,1.6
Sweden,SWE,1997,67.49,30.95,1.56
Sweden,SWE,1998,67.22,31.31,1.47
Sweden,SWE,1999,67.62,30.99,1.39
Sweden,SWE,2000,68.13,30.62,1.24
Sweden,SWE,2001,68.71,30.04,1.25
Sweden,SWE,2002,68.92,29.87,1.21
Sweden,SWE,2003,69.26,29.54,1.2
